

#################################################################################################################
                                     Instance Name           Movement (microns)        Orig Loc        New Loc
#################################################################################################################
                                dp/rf/n675__L1_I25                8.69       (49.78, 43.26)       (55.67, 40.46)
                                dp/rf/n675__L1_I22                8.05       (49.78, 43.26)       (56.43, 44.66)
                                dp/rf/n675__L1_I28                7.74       (49.78, 43.26)       (54.72, 40.46)
                                        dp/rf/U956                 7.6       (49.78, 43.26)       (57.38, 43.26)
                                dp/rf/n675__L1_I26                 7.1       (49.78, 43.26)       (55.48, 44.66)
                                dp/rf/n675__L1_I29                6.79       (49.78, 43.26)       (53.77, 40.46)
                                dp/rf/n675__L1_I23                6.65       (49.78, 43.26)       (56.43, 43.26)
                                dp/rf/n675__L1_I30                6.15       (49.78, 43.26)       (54.53, 44.66)
                                dp/rf/n675__L1_I31                5.84       (49.78, 43.26)       (52.82, 40.46)
                                 dp/rf/n675__L1_I8                5.72       (49.4, 43.26)       (50.92, 47.46)
                                dp/rf/n675__L1_I27                 5.7       (49.78, 43.26)       (55.48, 43.26)
                                dp/rf/n675__L1_I35                5.58       (55.1, 110.46)       (59.28, 109.06)
                                 dp/rf/n675__L1_I2                5.58       (49.4, 43.26)       (53.58, 44.66)
                                 dp/rf/n675__L1_I0                5.27       (49.4, 43.26)       (51.87, 40.46)
                                dp/rf/n675__L1_I24                 5.2       (49.78, 43.26)       (53.58, 41.86)
                                dp/rf/n675__L1_I33                5.01       (55.1, 110.46)       (58.71, 111.86)
                                dp/rf/n675__L1_I13                4.77       (54.53, 110.46)       (55.1, 106.26)
                                dp/rf/n675__L1_I32                4.75       (49.78, 43.26)       (54.53, 43.26)
                                dp/rf/n675__L1_I39                4.63       (55.1, 110.46)       (58.33, 109.06)
                                 dp/rf/n675__L1_I4                4.63       (49.4, 43.26)       (52.63, 44.66)
                                 dp/rf/n675__L1_I1                4.63       (49.4, 43.26)       (52.63, 41.86)
                                       dp/rf/U1026                4.37       (56.81, 110.46)       (61.18, 110.46)
                                       dp/rf/U1167                4.37       (55.29, 111.86)       (59.66, 111.86)
                                       dp/rf/U1049                4.37       (55.86, 110.46)       (60.23, 110.46)
                                       dp/rf/U1506                4.32       (56.05, 43.26)       (57.57, 40.46)
                                 dp/rf/n675__L1_I6                4.32       (49.4, 43.26)       (50.92, 40.46)
                                dp/rf/n675__L1_I20                4.25       (54.53, 110.46)       (51.68, 109.06)
                                dp/rf/n675__L1_I34                4.18       (55.1, 110.46)       (59.28, 110.46)
                                dp/rf/n675__L1_I36                4.06       (55.1, 110.46)       (57.76, 111.86)
